2022:		TESLA/RTO	ECA       
20220719	20220718
20220622	20220719
20220829	20220720
20220720	20220721
20220708
2023:		
20230509	20230703
20230609	20230704
20230507	20230726
20230607	20230727
20230409	20230904
2024:
20240619	20240617
20240731	20240618
20240108	20240619
20240618	20240730
20240827	20240731
2025:		20240801
20250122	20240826
20250120	
20250121	
20250108	
20250801

Precision=31.25 Recall=33.33 F1=32.26

2022:		TESLA/RTO	ECA       
20220719	20220718
20220622	20220719
20220829	20220720
20220720	20220721
20220708
2023:		
20230509	20230703
20230609	20230704
20230507	20230726
20230607	20230727
20230727	20230904
2024:
20240619	20240617
20240731	20240618
20240618	20240619
20240827	20240730
20240620	20240731
2025:		20240801
20250801	20240826
20250701	
20250901	
20250601	
20250502

Precision=37.5 Recall=40 F1=38.71

1.
2.